8.71768205216564
8.626944055375356
8.634086942887738
8.61974977974133
8.660427359502146
8.660427359502146
8.651724084373843
8.649974302650056
8.670772279344538
8.716044050161402
8.716044050161402
8.692825760059396
8.706159290928861
8.679312040892672
8.648221453822641
8.601534339849989
8.608860379942062
8.616133139271142
8.669055540725484
8.626944055375356
8.57922858233569
8.565983355585669
8.542860938164814
8.542860938164814
8.564076777315087
8.599694412927981
8.651724084373843
8.658692753689937
8.648221453822641
8.59044365315583
8.556413904569519
8.517193191416238
8.533066540572527
8.575462099540212
8.531096096585228
8.540909718033554
8.544808358449211
8.531096096585228
8.540909718033554
8.476371196895983
8.540909718033554
8.540909718033554
8.679312040892672
8.699514748210191
8.637639344492104
8.634086942887738
8.68609172787805
8.634086942887738
8.61974977974133
8.55256033525353
8.558335134747413
8.594154232552366
8.594154232552366
8.608860379942062
8.641179171197228
8.679312040892672
8.732304571033183
8.732304571033183
8.824677891164198
8.824677891164198
8.857941984804711
8.943767262734637
8.860782895806315
8.809862805379057
8.867850063029406
8.824677891164198
8.824677891164198
8.806873266530692
8.881836305004146
8.895629627136483
8.867850063029406
8.840724916761715
8.840724916761715
8.741935464094144
8.616133139271142
8.706159290928861
8.699514748210191
8.702842538302868
8.707813551024888
8.66561319653451
8.637639344492104
8.630521876723241
8.594154232552366
8.699514748210191
8.699514748210191
8.745125259462244
8.729073550451737
8.729073550451737
8.729073550451737
8.788745881938135
8.788745881938135
8.756210091886738
8.756210091886738
8.725832056527565
8.770283819098399
8.824677891164198
8.842171048611716
8.824677891164198
8.83927669058535
8.80537513890967
8.760923376338836
8.732304571033183
8.699514748210191
8.630521876723241
8.605204068738951
8.605204068738951
8.725832056527565
8.748304912379623
8.797850648931053
8.815815203906352
8.815815203906352
8.824677891164198
8.784162222270476
8.856518497019858
8.880446450715093
8.862200330487287
8.941152882160566
8.85366542803745
8.815815203906352
8.809862805379057
8.87346805533363
8.865029186687766
8.859363449152088
8.85366542803745
8.883224230278994
8.896998552743824
8.925321416943886
8.921324076511265
8.906528917594517
8.922658299524402
8.902455592206882
8.913281137711804
8.895629627136483
8.903815211722922
8.935903526274423
8.915969311373605
8.941152882160566
8.956737613177264
8.92930284224307
8.92930284224307
8.917310693197807
8.917310693197807
8.83927669058535
8.842171048611716
8.760923376338836
8.745125259462244
8.787220328629298
8.737131611781498
8.653470809708786
8.68270762989381
8.735525185733225
8.711113884053544
8.704502289721232
8.68609172787805
8.626944055375356
8.626944055375356
8.699514748210191
8.725832056527565
8.692825760059396
8.702842538302868
8.702842538302868
8.767173396684006
8.770283819098399
8.732304571033183
8.743531633626967
8.773384596776648
8.730690365678642
8.735525185733225
8.764053269347762
8.753055515138222
8.735525185733225
8.704502289721232
8.607033895416027
8.61974977974133
8.582980931954241
8.546751993657782
8.546751993657782
8.474285690404962
8.492900498847193
8.492900498847193
8.492900498847193
8.492900498847193
8.457443187010464
8.37793112408273
8.286521373681236
8.333270353255308
8.433811582477187
8.389359819906353
8.242756345714477
8.316300249036848
8.294049640102028
8.301521654940728
8.308938252595778
8.303999970955196
8.245384468120747
8.245384468120747
8.266164436612492
8.27893600229198
8.268731832117737
8.213381737034572
8.205218426395412
8.077136638538454
8.0519780789023
8.016317898503415
8.016317898503415
7.9157131993821155
7.912056888179006
7.9724660159745655
8.110727582974489
8.070906088787819
8.113726085970747
8.07402621612406
7.969011781106478
7.969011781106478
7.919356190660617
7.955074273262696
8.089482474360754
8.107720061910534
8.143226750367445
8.163371316459912
8.143226750367445
8.134467570277563
8.131530710604252
8.125630988477065
8.055157731819678
8.098642843759418
8.128585200374497
8.09559870137819
8.077136638538454
8.039157390473237
8.058327306580958
8.0519780789023
8.07402621612406
8.131530710604252
8.237479288613633
8.166216268592143
8.077136638538454
8.083328608786376
8.064636475774222
8.039157390473237
8.083328608786376
8.07402621612406
8.089482474360754
8.122668023346407
8.183118079394745
8.160518247477505
8.237479288613633
8.194229304819817
8.157657015196472
8.177515823846075
8.169053149927343
8.113726085970747
8.083328608786376
8.0519780789023
-inf
8.058327306580958
8.058327306580958
8.058327306580958
8.058327306580958
8.058327306580958
8.116715624819111
8.122668023346407
8.237479288613633
8.268731832117737
8.263590432617319
8.253227645581772
8.21878715560148
8.199738960630786
8.253227645581772
8.273846932784508
8.32845106681936
8.347590407030058
8.389359819906353
8.433811582477187
8.422882511944996
-inf
-inf
-inf
8.289037098278483
8.299037181613066
8.32117830749028
8.389359819906353
8.35936910622267
8.364042011922063
8.301521654940728
8.296546520300614
8.268731832117737
8.308938252595778
8.311398278436641
8.286521373681236
8.289037098278483
8.289037098278483
8.326032685955079
8.354674261918463
8.340456012916183
8.352318548226004
8.333270353255308
8.296546520300614
8.253227645581772
8.253227645581772
8.240121298076472
8.226840890408578
8.226840890408578
8.191463051326927
8.221478947267192
8.242756345714477
8.294049640102028
8.296546520300614
8.253227645581772
8.207946941048617
8.199738960630786
-inf
8.273846932784508
8.266164436612492
8.242756345714477
8.24800570160062
8.261009786023827
8.289037098278483
8.366370301681654
8.375629627094451
8.330863613224745
8.330863613224745
8.316300249036848
8.333270353255308
8.29154650988391
8.242756345714477
8.205218426395412
8.205218426395412
8.253227645581772
8.21878715560148
8.199738960630786
8.221478947267192
8.296546520300614
8.308938252595778
8.27893600229198
8.286521373681236
8.361708288575842
8.45531778769815
8.4096079807363
8.420682291035394
8.389359819906353
8.416267272826277
8.416267272826277
8.375629627094451
8.429454277108231
8.429454277108231
8.429454277108231
8.433811582477187
8.40290404501411
8.433811582477187
8.431635303054591
8.411832675758411
8.411832675758411
8.391629968440892
8.39615486303918
8.375629627094451
8.345217926676428
8.39615486303918
8.391629968440892
8.429454277108231
8.438149984075784
8.45531778769815
8.41847721847708
8.39840965542627
8.400659375160286
8.442469645220301
8.405143687607614
8.352318548226004
8.352318548226004
8.352318548226004
8.308938252595778
8.308938252595778
8.361708288575842
8.405143687607614
8.361708288575842
8.347590407030058
8.361708288575842
8.349957272040324
8.340456012916183
8.318742252692399
8.32117830749028
8.294049640102028
8.283999304248526
8.261009786023827
8.261009786023827
8.237479288613633
8.221478947267192
8.229511118964457
8.253227645581772
8.258422462458876
8.266164436612492
8.27893600229198
8.258422462458876
8.207946941048617
8.13739583005665
8.131530710604252
8.125630988477065
8.166216268592143
8.131530710604252
8.113726085970747
8.113726085970747
8.116715624819111
8.17188200612782
8.166216268592143
8.14902386805177
8.151909872940905
8.180320874773685
8.196987927258897
8.21878715560148
8.21878715560148
8.240121298076472
8.283999304248526
8.271292652979412
8.29154650988391
8.289037098278483
8.258422462458876
8.242756345714477
8.205218426395412
8.224163512637862
8.250620082174692
8.281470857895167
8.281470857895167
8.268731832117737
8.273846932784508
8.242756345714477
8.221478947267192
8.25582842728183
8.25582842728183
8.253227645581772
8.289037098278483
8.27893600229198
8.276394704863307
8.273846932784508
8.242756345714477
8.23217423638394
8.276394704863307
8.240121298076472
8.234830280442056
8.24800570160062
8.250620082174692
8.226840890408578
8.080237416216702
8.140315540159985
8.128585200374497
8.09559870137819
8.116715624819111
8.09559870137819
8.03268487596762
7.955074273262696
7.955074273262696
7.958576903813898
7.948031990637284
7.940939762327791
7.940939762327791
7.940939762327791
7.940939762327791
7.940939762327791
7.975908360165538
7.989560449333865
7.979338895262328
8.016317898503415
7.9996785794994505
8.064636475774222
8.089482474360754
8.070906088787819
8.064636475774222
8.09559870137819
8.089482474360754
8.131530710604252
8.128585200374497
8.15478757276852
8.21878715560148
8.205218426395412
8.194229304819817
8.210668031162976
8.15478757276852
8.151909872940905
8.183118079394745
8.205218426395412
8.216088098632316
8.242756345714477
8.245384468120747
8.258422462458876
8.258422462458876
8.294049640102028
8.294049640102028
8.366370301681654
8.340456012916183
8.338066525518801
8.382518288089635
8.35936910622267
8.347590407030058
8.371010681238156
8.39840965542627
8.433811582477187
8.438149984075784
8.384804003370492
8.34283980427146
8.38022733634308
8.4096079807363
8.433811582477187
8.573573524852344
8.612503371220562
8.642944396721798
8.556413904569519
8.550627967502475
8.594154232552366
8.575462099540212
8.536995818712418
8.51919119407891
8.558335134747413
8.571681376700306
8.575462099540212
8.523175263093785
8.527143522269405
8.527143522269405
8.548691858475609
8.594154232552366
8.626944055375356
8.626944055375356
8.626944055375356
8.725832056527565
8.725832056527565
8.760923376338836
8.757783656334167
8.737131611781498
8.771835409789817
8.725832056527565
8.719317375506371
8.794824928014517
8.738735461363474
8.704502289721232
8.699514748210191
8.68609172787805
8.669055540725484
8.699514748210191
8.725832056527565
8.732304571033183
8.773384596776648
8.759354748566208
8.748304912379623
8.70946507906336
8.70946507906336
8.729073550451737
8.738735461363474
8.773384596776648
8.760923376338836
8.748304912379623
8.767173396684006
8.767173396684006
8.767173396684006
8.767173396684006
8.867850063029406
8.829079952564836
8.83346272071993
8.83200393125627
8.824677891164198
8.81877816903701
8.80537513890967
8.80086724247048
8.815815203906352
8.85366542803745
8.83346272071993
8.83346272071993
8.85366542803745
8.884610231886873
8.890135107818843
8.87066300440602
8.850804195756417
8.84937050375457
8.862200330487287
8.847934753328465
8.836373930927389
8.794824928014517
8.80086724247048
8.850804195756417
8.850804195756417
8.829079952564836
8.855092980028635
8.824677891164198
8.850804195756417
8.891511570527564
8.874867635688053
8.903815211722922
8.919988070968524
8.98343977178426
8.997147151515142
8.959311617172437
8.959311617172437
8.906528917594517
8.906528917594517
8.87066300440602
8.880446450715093
8.906528917594517
8.948975607841776
8.959311617172437
9.002085433155724
9.003316202541857
8.977146484808472
9.011889433252344
9.052516286782616
9.064157861798101
9.019179866515024
8.987196820661973
8.938531648680692
8.941152882160566
8.941152882160566
8.934586870389676
8.909235279192261
8.847934753328465
8.859363449152088
8.88875674784872
8.887376485379763
8.806873266530692
8.811354229965728
8.87626525995469
8.925321416943886
8.909235279192261
8.942460926820582
8.909235279192261
8.87066300440602
8.909235279192261
8.881836305004146
8.898365606955357
8.88599431515281
8.907883013942248
8.887376485379763
8.867850063029406
8.830543010616596
8.856518497019858
8.859363449152088
8.869257522797287
8.869257522797287
8.83927669058535
8.85366542803745
8.85366542803745
8.859363449152088
8.859363449152088
8.880446450715093
8.87905466204227
8.890135107818843
8.84937050375457
8.827614750837508
8.824677891164198
8.821732380934442
8.820256365906321
8.729073550451737
8.741935464094144
8.791790024319363
8.791790024319363
8.817297783866575
8.81877816903701
8.85366542803745
8.87626525995469
8.87905466204227
8.887376485379763
8.84505705350085
8.799360083179907
8.859363449152088
8.862200330487287
8.865029186687766
8.865029186687766
8.87346805533363
8.829079952564836
8.794824928014517
8.83927669058535
8.809862805379057
8.821732380934442
8.764053269347762
8.779557455883728
8.803874763534434
8.8023721336499
8.778017809698136
8.762489547371581
8.729073550451737
8.699514748210191
8.738735461363474
8.743531633626967
8.760923376338836
8.754634047431272
8.778017809698136
8.770283819098399
8.770283819098399
8.781094735202615
8.803874763534434
8.842171048611716
8.85366542803745
8.846496938558838
8.846496938558838
8.826147399143558
8.803874763534434
8.788745881938135
8.788745881938135
8.797850648931053
8.824677891164198
8.80537513890967
8.776475789346321
8.767173396684006
8.770283819098399
8.774931387494947
8.794824928014517
8.814330422638774
8.83346272071993
8.799360083179907
8.787220328629298
8.830543010616596
8.803874763534434
8.809862805379057
8.809862805379057
8.768729817231666
8.760923376338836
8.722580021141189
8.745125259462244
8.730690365678642
8.694502206386648
8.691146498539675
8.697846691109495
8.697846691109495
8.719317375506371
8.68609172787805
8.699514748210191
8.691146498539675
8.607033895416027
8.607033895416027
8.658692753689937
8.699514748210191
8.716044050161402
8.724207360800564
8.784162222270476
8.776475789346321
8.762489547371581
8.788745881938135
8.806873266530692
8.824677891164198
8.884610231886873
8.862200330487287
8.81877816903701
8.83927669058535
8.827614750837508
8.902455592206882
8.88599431515281
8.896998552743824
8.899730794880696
8.880446450715093
8.850804195756417
8.84361509218395
8.850804195756417
8.824677891164198
8.87626525995469
8.856518497019858
8.860782895806315
8.881836305004146
8.906528917594517
8.917310693197807
8.931948346431495
8.931948346431495
8.935903526274423
8.948975607841776
8.954156966583772
8.954156966583772
8.969541885423252
8.918650278126863
8.918650278126863
8.914626127827137
8.915969311373605
8.894258825002703
8.898365606955357
8.903815211722922
8.887376485379763
8.84937050375457
8.863615758890619
8.874867635688053
8.874867635688053
8.87626525995469
8.847934753328465
8.83200393125627
8.83200393125627
8.823206220552741
8.812843433517195
8.745125259462244
8.745125259462244
8.745125259462244
8.768729817231666
8.836373930927389
8.852235835227855
8.83200393125627
8.824677891164198
8.773384596776648
8.776475789346321
8.808369153122275
8.790269111478656
8.776475789346321
8.794824928014517
8.765614549914716
8.764053269347762
8.760923376338836
8.737131611781498
8.751474487140904
8.741935464094144
8.696175846944678
8.722580021141189
8.670772279344538
8.670772279344538
8.670772279344538
8.675904882571059
8.679312040892672
8.669055540725484
8.641179171197228
8.608860379942062
8.592300663903043
8.599694412927981
8.630521876723241
8.599694412927981
8.605204068738951
8.667335849845957
8.675904882571059
8.68946441235669
8.707813551024888
8.706159290928861
8.730690365678642
8.663887570567042
8.644706511715198
8.642944396721798
8.628734566149145
8.68270762989381
8.648221453822641
8.616133139271142
8.616133139271142
8.634086942887738
8.653470809708786
8.656955133791396
8.66561319653451
8.66561319653451
8.68777949199177
8.658692753689937
8.696175846944678
8.68609172787805
8.737131611781498
8.748304912379623
8.740336742730447
8.719317375506371
8.712759974960212
8.694502206386648
8.722580021141189
8.644706511715198
8.644706511715198
8.626944055375356
8.626944055375356
8.642944396721798
8.696175846944678
8.696175846944678
8.653470809708786
8.658692753689937
8.648221453822641
8.649974302650056
8.68609172787805
8.733916174927524
8.706159290928861
8.748304912379623
8.729073550451737
8.694502206386648
8.699514748210191
8.68270762989381
8.656955133791396
8.648221453822641
8.701180027529253
8.716044050161402
8.716044050161402
8.722580021141189
8.722580021141189
8.741935464094144
8.762489547371581
8.762489547371581
8.754634047431272
8.785692444451245
8.751474487140904
8.730690365678642
8.748304912379623
8.722580021141189
8.702842538302868
8.720950028930258
8.712759974960212
8.699514748210191
8.738735461363474
8.754634047431272
8.745125259462244
8.767173396684006
8.778017809698136
8.776475789346321
8.806873266530692
8.774931387494947
8.791790024319363
8.80537513890967
8.80537513890967
8.836373930927389
8.836373930927389
8.83927669058535
8.85366542803745
8.855092980028635
8.827614750837508
8.87346805533363
8.865029186687766
8.909235279192261
8.892886141190731
8.87346805533363
8.857941984804711
8.880446450715093
8.894258825002703
8.884610231886873
8.867850063029406
8.887376485379763
8.911934336161426
8.941152882160566
8.946374826141717
8.951569643018821
8.98343977178426
8.978408314628894
8.966994113344454
8.972083182851925
9.010669176847115
9.006999447958153
9.031213706078747
9.031213706078747
8.997147151515142
9.004545458996587
9.016755622903517
8.995908761263994
9.003316202541857
9.006999447958153
9.031213706078747
9.0442857876461
9.039552050995901
9.026417533815254
9.050171619823361
9.039552050995901
9.054855469135788
9.019179866515024
9.011889433252344
9.002085433155724
9.006999447958153
8.987196820661973
9.017968479328726
9.047821442478408
9.047821442478408
9.033603193476129
9.0595174822416
9.071078304642676
9.085910293598007
9.096051225574055
9.089302043599126
9.094929520464856
9.089302043599126
9.077951183930438
9.071078304642676
9.07566546864958
9.060679597421776
9.065314599925925
9.073374516903025
9.089302043599126
9.108307646411031
9.131297164635729
9.131297164635729
9.131297164635729
9.131297164635729
9.07680897935166
9.09268232850795
9.103868127465667
9.091556835986216
9.0595174822416
8.994668835500674
8.980927207648378
8.99961934066053
8.98969370086056
8.956737613177264
8.952864141581468
8.966994113344454
8.987196820661973
9.008224187854049
9.008224187854049
9.038365107236372
9.050171619823361
9.045465728785949
9.056023011591826
9.093806555720231
9.093806555720231
9.111624399037025
9.10719961305667
9.125871215349733
9.109414453386222
9.122601457668177
9.131297164635729
9.148464968258095
9.099408811268901
9.07566546864958
9.100525505968976
9.131297164635729
9.142061531222888
9.150590367570409
9.148464968258095
9.157993891603974
9.167432870964907
9.169518377455928
9.137769679141348
9.163248764442333
9.139917907679637
9.12913031655064
9.148464968258095
9.163248764442333
9.14633504200027
9.12913031655064
9.140990293841389
9.119320973589014
9.102755161296246
9.118225083068378
9.090430075303626
9.108307646411031
9.116029692504942
9.117127990254003
9.137769679141348
9.139917907679637
9.145268375232467
9.150590367570409
9.12913031655064
9.108307646411031
9.104979856318357
9.093806555720231
9.111624399037025
9.110520036693972
9.116029692504942
9.12913031655064
9.11382947159534
9.088172738001974
9.088172738001974
9.101640955052842
9.08704215563169
9.08704215563169
9.080231686629162
9.080231686629162
9.085910293598007
9.082507000466299
9.10719961305667
9.10719961305667
9.10719961305667
9.102755161296246
9.121509158269568
9.126958763037132
9.137769679141348
9.14633504200027
9.226213721132472
9.22029070282935
9.21632244365373
9.199279424616758
9.203315757039219
9.222268942841456
9.251482315307358
9.261033486291701
9.261033486291701
9.261033486291701
9.261033486291701
9.296518068217235
9.277999020449997
9.283590833715776
9.274253697719836
9.257223957875032
9.268609280100158
9.24377514806242
9.228180290104513
9.234056898593499
9.262932822095353
9.292841593487926
9.298351249298896
9.312896960301275
9.30383071506352
9.314700387300425
9.329011901693681
9.323669057283185
9.30383071506352
9.314700387300425
9.30383071506352
9.300181075975972
9.27049429479593
9.259130536145614
9.261033486291701
9.296518068217235
9.296518068217235
9.312896960301275
9.312896960301275
9.339612707680322
9.33078652505205
9.30383071506352
9.285447844462988
9.27049429479593
9.274253697719836
9.257223957875032
9.259130536145614
9.264828557260252
9.296518068217235
9.294681520409934
9.314700387300425
9.294681520409934
9.289151552400472
9.290998274993637
9.277999020449997
9.296518068217235
9.314700387300425
9.323669057283185
9.344871264933788
9.350102314351341
9.332558004700433
9.332558004700433
9.38429367909962
9.392661928770137
9.400960731584833
9.38429367909962
9.409191230721348
9.41897923708751
9.417354541360508
9.417354541360508
9.382611592916636
9.39099387166944
9.417354541360508
9.433483923290392
9.425451751593128
9.452501929126154
9.43508264465409
9.422220731011683
9.395989718862811
9.351839934249883
9.318297513481275
9.316500567804573
9.314700387300425
9.314700387300425
9.264828557260252
9.287301413112312
9.228180290104513
9.212338374638856
9.259130536145614
9.224243277145174
9.193194213141211
9.122601457668177
9.155884186180124
9.210340371976184
9.199279424616758
9.214332393245721
9.232101863757695
9.1942109900463
9.1942109900463
9.222268942841456
9.249561085129464
9.222268942841456
9.239899174217728
9.214332393245721
9.155884186180124
9.171599543659752
9.20230820027892
9.206332350578643
9.175748927206564
9.144200569471638
9.074520648833648
9.056023011591826
9.079092085366229
9.073374516903025
9.08704215563169
9.072227069846548
9.096051225574055
9.091556835986216
9.102755161296246
9.147400572202308
9.17367638760459
9.144200569471638
9.150590367570409
9.163248764442333
9.137769679141348
9.091556835986216
9.089302043599126
9.084777149000837
9.07566546864958
9.035986984831405
9.045465728785949
9.04310445260027
9.067624069774588
9.031213706078747
9.008224187854049
9.04310445260027
9.051344640485725
9.028818495352793
9.0583540149783
9.030016817844901
9.031213706078747
9.031213706078747
9.035986984831405
9.04310445260027
9.014325488050225
9.028818495352793
9.006999447958153
9.019179866515024
9.019179866515024
9.04310445260027
9.034795799461252
9.033603193476129
9.045465728785949
9.04899722156742
9.061840363657739
9.077951183930438
9.0595174822416
9.04899722156742
9.0595174822416
9.085910293598007
9.068776807654396
9.077951183930438
9.093806555720231
9.10719961305667
9.118225083068378
9.12369256525051
9.122601457668177
9.10719961305667
9.111624399037025
9.109414453386222
9.074520648833648
9.067624069774588
9.068776807654396
9.067624069774588
9.080231686629162
9.121509158269568
9.159047077588632
9.17678358844734
9.165343006045447
9.169518377455928
9.147400572202308
9.14633504200027
9.156939595249067
9.132378830506472
9.126958763037132
9.124782483614537
9.124782483614537
9.124782483614537
9.124782483614537
9.122601457668177
9.12913031655064
9.190137664658664
9.186047679407139
9.199279424616758
9.186047679407139
9.162199996648248
9.140990293841389
9.096051225574055
9.102755161296246
9.091556835986216
9.07566546864958
9.065314599925925
9.079092085366229
9.056023011591826
9.057189192482008
9.07680897935166
9.054855469135788
9.0595174822416
9.057189192482008
9.081369990679223
9.081369990679223
9.081369990679223
9.082507000466299
9.116029692504942
9.100525505968976
9.110520036693972
9.082507000466299
9.061840363657739
9.080231686629162
9.07566546864958
9.101640955052842
9.119320973589014
9.117127990254003
9.130214327496898
9.1345386585599
9.11382947159534
9.082507000466299
9.084777149000837
9.081369990679223
9.084777149000837
9.06647000155648
9.050171619823361
9.069928218259438
9.057189192482008
9.056023011591826
9.050171619823361
9.031213706078747
9.014325488050225
9.034795799461252
9.019179866515024
9.002085433155724
8.992184362173012
9.017968479328726
9.056023011591826
9.082507000466299
9.091556835986216
9.093806555720231
9.096051225574055
9.088172738001974
9.069928218259438
9.06647000155648
9.07680897935166
9.073374516903025
9.09268232850795
9.106090350602384
9.106090350602384
-inf
9.09829086816756
9.089302043599126
9.071078304642676
9.083642718930225
9.077951183930438
9.08704215563169
9.08704215563169
9.091556835986216
9.151651375627504
9.195226734166134
9.181940897454485
9.169518377455928
9.169518377455928
9.181940897454485
9.186047679407139
9.17678358844734
9.191157552559408
9.1942109900463
9.188094763028863
9.20029003612268
9.193194213141211
9.191157552559408
9.20230820027892
9.201299627324033
9.230142999272362
9.230142999272362
9.230142999272362
9.230142999272362
9.222268942841456
9.24377514806242
9.24763615671988
9.249561085129464
9.24377514806242
9.262932822095353
9.264828557260252
9.25339986143663
9.232101863757695
9.24763615671988
9.25339986143663
9.262932822095353
9.262932822095353
9.24377514806242
9.24763615671988
9.230142999272362
9.224243277145174
9.214332393245721
9.210340371976184
9.2093398716426
9.24763615671988
9.230142999272362
9.214332393245721
9.21632244365373
9.20230820027892
9.20029003612268
9.1942109900463
9.20230820027892
9.207335862955883
9.21632244365373
9.22029070282935
9.230142999272362
9.214332393245721
9.206332350578643
9.214332393245721
9.234056898593499
9.24377514806242
9.24377514806242
9.245707515813473
9.245707515813473
9.25339986143663
9.24377514806242
9.249561085129464
9.245707515813473
9.214332393245721
9.193194213141211
9.161150127785412
9.156939595249067
9.148464968258095
9.139917907679637
9.142061531222888
9.157993891603974
9.150590367570409
9.135616825780247
9.126958763037132
9.109414453386222
9.117127990254003
9.116029692504942
9.136693831807884
9.136693831807884
9.156939595249067
9.159047077588632
9.163248764442333
9.152711259139547
9.159047077588632
9.172638504792172
9.186047679407139
9.189116735524555
9.189116735524555
9.207335862955883
9.207335862955883
9.206332350578643
9.20029003612268
9.178849704884811
9.17367638760459
9.190137664658664
9.197255132427527
9.188094763028863
9.188094763028863
9.185022563991893
9.186047679407139
9.186047679407139
9.170559501964338
9.164296433474776
9.169518377455928
9.193194213141211
9.206332350578643
9.203315757039219
9.210340371976184
9.207335862955883
9.197255132427527
9.191157552559408
9.186047679407139
9.19624144759668
9.206332350578643
9.192176401348512
9.187071745036828
9.189116735524555
9.190137664658664
9.198267790741914
9.212338374638856
9.21632244365373
9.214332393245721
9.21830854162536
9.241839039035554
9.241839039035554
9.274253697719836
9.289151552400472
9.300181075975972
9.300181075975972
9.290998274993637
9.30383071506352
9.325453179076687
9.320091235935301
9.329011901693681
9.309280319831087
9.314700387300425
9.307467082706905
9.307467082706905
9.323669057283185
9.332558004700433
9.339612707680322
9.337853692275143
9.337853692275143
9.334326351757174
9.311090275076326
9.307467082706905
9.305650551780507
9.314700387300425
9.336091577281744
9.355306142226368
9.355306142226368
9.344871264933788
9.344871264933788
9.314700387300425
9.311090275076326
9.329011901693681
9.327234123447681
9.316500567804573
9.309280319831087
9.30383071506352
9.287301413112312
9.289151552400472
9.294681520409934
9.30383071506352
9.312896960301275
9.325453179076687
9.339612707680322
9.357034751126987
9.370757093382087
9.374158457205578
9.374158457205578
9.402612259623305
9.414097209490203
9.40426106461349
9.380926672551716
9.380926672551716
9.380926672551716
9.394327208089198
9.392661928770137
9.367344120785848
9.387649386946594
9.380926672551716
9.389323027504624
9.380926672551716
9.372459221452617
9.372459221452617
9.397649470281177
9.394327208089198
9.370757093382087
9.363919459904483
9.380926672551716
9.389323027504624
9.355306142226368
9.332558004700433
9.332558004700433
9.329011901693681
9.334326351757174
9.309280319831087
9.316500567804573
9.33078652505205
9.334326351757174
9.332558004700433
9.329011901693681
9.320091235935301
9.298351249298896
9.311090275076326
9.332558004700433
9.350102314351341
9.370757093382087
9.39099387166944
9.389323027504624
9.395989718862811
9.392661928770137
9.400960731584833
9.422220731011683
9.43508264465409
9.425451751593128
9.441452092939569
9.43188264192342
9.43508264465409
9.422220731011683
9.379238908437996
9.40426106461349
9.405907155520158
9.392661928770137
9.394327208089198
9.382611592916636
9.392661928770137
9.400960731584833
9.42060129745938
9.430278792341444
9.441452092939569
9.455636727931525
9.444621667700849
9.42706335548747
9.422220731011683
9.425451751593128
9.410829232725586
9.407550541263888
9.392661928770137
9.407550541263888
9.412464556066316
9.438272440022189
9.447781227991216
9.464982590349763
9.47883962501119
9.489486113405677
9.489486113405677
9.484937204879309
9.487972108574462
9.494014423030425
9.542517684314515
9.516353401112687
9.523690191176541
9.52806656577634
9.54824016058858
9.523690191176541
9.526609901279876
9.535318229171661
9.555347511047232
9.542517684314515
9.517825071724143
9.532423871145296
9.52806656577634
9.525151111816216
9.542517684314515
9.562404703357231
9.57080811415361
9.574983485564092
9.602382459752207
9.587406005562649
9.581903928408666
9.552510629712033
9.555347511047232
9.555347511047232
9.53387209732166
9.536762272743895
9.52806656577634
9.51044496442652
9.50747760319872
9.47883962501119
9.483416292038601
9.50747760319872
9.522227133124781
9.50747760319872
9.503009985939002
9.519294579703503
9.513403546466266
9.53387209732166
9.52806656577634
9.536762272743895
9.47883962501119
9.484937204879309
9.441452092939569
9.430278792341444
9.422220731011683
9.42867236629317
9.444621667700849
9.43188264192342
9.441452092939569
9.444621667700849
9.452501929126154
9.455636727931525
9.447781227991216
9.415727201701133
9.405907155520158
9.407550541263888
9.433483923290392
9.438272440022189
9.43508264465409
9.430278792341444
9.441452092939569
9.463430999658344
9.477309402830421
9.471164990258082
9.484937204879309
9.47883962501119
9.460320577243952
9.449357272446683
9.441452092939569
9.452501929126154
9.48189306249808
9.471164990258082
9.484937204879309
9.495519314209846
9.492507263739853
9.532423871145296
9.50747760319872
9.487972108574462
9.500020447090638
9.494014423030425
9.463430999658344
9.471164990258082
9.455636727931525
9.466531777336593
9.480367509189243
9.489486113405677
9.480367509189243
9.492507263739853
9.47883962501119
9.472704636443673
9.458761730474661
9.480367509189243
9.458761730474661
9.454070556898781
9.454070556898781
9.441452092939569
9.441452092939569
9.417354541360508
9.42706335548747
9.42867236629317
9.414097209490203
9.42867236629317
9.402612259623305
9.415727201701133
9.414097209490203
9.392661928770137
9.353574540062091
9.350102314351341
9.348361669873558
9.30383071506352
9.311090275076326
9.314700387300425
9.343121483210002
9.332558004700433
9.316500567804573
9.318297513481275
9.334326351757174
9.337853692275143
9.36220272128543
9.363919459904483
9.358760377094455
9.375854810453756
9.397649470281177
9.400960731584833
9.394327208089198
9.397649470281177
9.389323027504624
9.394327208089198
9.402612259623305
9.405907155520158
9.405907155520158
9.392661928770137
9.365633256382218
9.36220272128543
9.358760377094455
9.389323027504624
9.382611592916636
9.375854810453756
9.389323027504624
9.39099387166944
9.399306471488806
9.394327208089198
9.405907155520158
9.400960731584833
9.405907155520158
9.409191230721348
9.417354541360508
9.402612259623305
9.417354541360508
9.41897923708751
9.412464556066316
9.40426106461349
9.400960731584833
9.422220731011683
9.463430999658344
9.48189306249808
9.483416292038601
9.484937204879309
9.466531777336593
9.450930836894113
9.466531777336593
9.46187699779161
9.486455808056498
9.480367509189243
9.472704636443673
9.477309402830421
9.484937204879309
9.484937204879309
9.47883962501119
9.471164990258082
9.468078568054892
9.450930836894113
9.444621667700849
9.460320577243952
9.480367509189243
9.48189306249808
9.50747760319872
9.50599061407714
9.498522319469615
9.495519314209846
9.47883962501119
9.477309402830421
9.47424191576256
9.492507263739853
9.500020447090638
9.494014423030425
9.495519314209846
9.469622969906265
9.449357272446683
9.460320577243952
9.458761730474661
9.455636727931525
9.463430999658344
9.472704636443673
9.468078568054892
9.460320577243952
9.450930836894113
9.444621667700849
9.433483923290392
9.436678814186912
9.433483923290392
9.439863530254431
9.425451751593128
9.407550541263888
9.410829232725586
9.417354541360508
9.415727201701133
9.410829232725586
9.400960731584833
9.407550541263888
9.417354541360508
9.443038136095204
9.439863530254431
9.457200449907708
9.468078568054892
9.490997829490999
9.483416292038601
9.483416292038601
9.475776835480644
9.472704636443673
9.487972108574462
9.47883962501119
9.475776835480644
9.460320577243952
9.446202695698167
9.443038136095204
9.457200449907708
9.457200449907708
9.458761730474661
9.454070556898781
9.449357272446683
9.43508264465409
9.412464556066316
9.399306471488806
9.392661928770137
9.400960731584833
9.414097209490203
9.407550541263888
9.409191230721348
9.407550541263888
9.42060129745938
9.42060129745938
9.410829232725586
9.40426106461349
9.415727201701133
9.414097209490203
9.43508264465409
9.415727201701133
9.402612259623305
9.38429367909962
9.365633256382218
9.369052063131004
9.355306142226368
9.363919459904483
9.402612259623305
9.412464556066316
9.414097209490203
9.395989718862811
9.382611592916636
9.367344120785848
9.377548290960089
9.382611592916636
9.395989718862811
9.397649470281177
9.372459221452617
9.355306142226368
9.367344120785848
9.358760377094455
9.357034751126987
9.372459221452617
9.369052063131004
9.370757093382087
9.369052063131004
9.363919459904483
9.363919459904483
9.344871264933788
9.327234123447681
9.336091577281744
9.350102314351341
9.379238908437996
9.392661928770137
9.402612259623305
9.395989718862811
9.379238908437996
9.363919459904483
9.360483030405902
9.341368634382587
9.336091577281744
9.332558004700433
9.343121483210002
9.341368634382587
9.353574540062091
9.370757093382087
9.395989718862811
9.392661928770137
9.365633256382218
9.369052063131004
9.374158457205578
9.370757093382087
9.357034751126987
9.357034751126987
9.36220272128543
9.358760377094455
9.365633256382218
9.358760377094455
9.344871264933788
9.339612707680322
9.329011901693681
9.334326351757174
9.348361669873558
9.38429367909962
9.380926672551716
9.370757093382087
9.365633256382218
9.355306142226368
9.39099387166944
9.399306471488806
9.395989718862811
9.380926672551716
9.380926672551716
9.363919459904483
9.344871264933788
9.346617990268731
9.341368634382587
9.343121483210002
9.33078652505205
9.358760377094455
9.358760377094455
9.348361669873558
9.350102314351341
9.348361669873558
9.351839934249883
9.370757093382087
9.36220272128543
9.358760377094455
9.350102314351341
9.346617990268731
9.348361669873558
9.346617990268731
9.341368634382587
9.334326351757174
9.312896960301275
9.309280319831087
9.332558004700433
9.327234123447681
9.309280319831087
9.302007560502007
9.281730368062856
9.272375762895635
9.277999020449997
9.316500567804573
9.344871264933788
9.343121483210002
9.339612707680322
9.344871264933788
9.355306142226368
9.355306142226368
9.346617990268731
9.360483030405902
9.348361669873558
9.374158457205578
9.367344120785848
9.353574540062091
9.374158457205578
9.377548290960089
9.372459221452617
9.372459221452617
9.360483030405902
9.355306142226368
9.334326351757174
9.334326351757174
9.343121483210002
9.355306142226368
9.377548290960089
9.436678814186912
9.46187699779161
9.439863530254431
9.449357272446683
9.466531777336593
9.52806656577634
9.472704636443673
9.457200449907708
9.450930836894113
9.489486113405677
9.484937204879309
9.47883962501119
9.469622969906265
9.43508264465409
9.385972940619341
9.409191230721348
9.415727201701133
9.360483030405902
9.375854810453756
9.375854810453756
9.365633256382218
9.365633256382218
9.395989718862811
9.42706335548747
9.397649470281177
9.414097209490203
9.412464556066316
9.358760377094455
9.344871264933788
9.375854810453756
9.379238908437996
9.382611592916636
9.39099387166944
9.369052063131004
9.353574540062091
9.351839934249883
9.327234123447681
9.344871264933788
9.377548290960089
9.351839934249883
9.350102314351341
9.339612707680322
9.350102314351341
9.350102314351341
9.329011901693681
9.336091577281744
9.323669057283185
9.327234123447681
9.316500567804573
9.296518068217235
9.290998274993637
9.309280319831087
9.298351249298896
9.276128112514186
9.320091235935301
9.350102314351341
9.346617990268731
9.357034751126987
9.332558004700433
9.311090275076326
9.307467082706905
9.281730368062856
9.309280319831087
9.314700387300425
9.318297513481275
9.290998274993637
9.239899174217728
9.239899174217728
9.25339986143663
9.287301413112312
9.25339986143663
9.25339986143663
9.23600811872476
9.224243277145174
9.272375762895635
9.296518068217235
9.294681520409934
9.305650551780507
9.30383071506352
9.287301413112312
9.264828557260252
9.302007560502007
9.341368634382587
9.279866434624793
9.287301413112312
9.272375762895635
9.272375762895635
9.300181075975972
9.341368634382587
9.318297513481275
9.289151552400472
9.27049429479593
9.239899174217728
9.285447844462988
9.318297513481275
9.329011901693681
9.285447844462988
9.294681520409934
9.336091577281744
9.332558004700433
9.334326351757174
9.350102314351341
9.36220272128543
9.412464556066316
9.405907155520158
9.415727201701133
9.397649470281177
9.389323027504624
9.375854810453756
9.360483030405902
9.323669057283185
9.323669057283185
9.32188174670909
9.323669057283185
9.355306142226368
9.351839934249883
9.341368634382587
9.316500567804573
9.294681520409934
9.298351249298896
9.285447844462988
9.24763615671988
9.241839039035554
9.259130536145614
9.241839039035554
9.241839039035554
9.259130536145614
9.272375762895635
9.268609280100158
9.323669057283185
9.336091577281744
9.33078652505205
9.279866434624793
9.287301413112312
9.316500567804573
9.325453179076687
9.285447844462988
9.320091235935301
9.343121483210002
9.38429367909962
9.369052063131004
9.412464556066316
9.414097209490203
9.365633256382218
9.346617990268731
9.348361669873558
9.380926672551716
9.369052063131004
9.353574540062091
9.370757093382087
9.355306142226368
9.382611592916636
9.36220272128543
9.360483030405902
9.343121483210002
9.355306142226368
9.358760377094455
9.323669057283185
9.30383071506352
9.309280319831087
9.327234123447681
9.327234123447681
9.305650551780507
9.312896960301275
9.314700387300425
9.323669057283185
9.305650551780507
9.300181075975972
9.305650551780507
9.337853692275143
9.377548290960089
9.402612259623305
9.40426106461349
9.39099387166944
9.409191230721348
9.412464556066316
9.400960731584833
9.414097209490203
9.430278792341444
9.450930836894113
9.489486113405677
9.490997829490999
9.472704636443673
9.472704636443673
9.466531777336593
9.48189306249808
9.517825071724143
9.514879561494386
9.484937204879309
9.47424191576256
9.489486113405677
9.495519314209846
9.508962384466297
9.51044496442652
9.477309402830421
9.489486113405677
9.532423871145296
9.569412440514636
9.560997243589352
9.562404703357231
9.562404703357231
9.59014573330377
9.59014573330377
9.60911649193355
9.603732898850078
9.586033321750676
9.559587800086119
9.559587800086119
9.595602772766828
9.599676098154463
9.634300062720511
9.629050706834368
9.586033321750676
9.565213693968287
9.572201842602215
9.565213693968287
9.556762939450564
9.516353401112687
9.549665677579801
9.535318229171661
9.588776807696428
9.603732898850078
9.583282288378786
9.552510629712033
9.565213693968287
9.559587800086119
9.559587800086119
9.526609901279876
9.49702194409438
9.519294579703503
9.492507263739853
9.508962384466297
9.53387209732166
9.529521111487334
9.552510629712033
9.51044496442652
9.500020447090638
9.484937204879309
9.486455808056498
9.480367509189243
9.495519314209846
9.46187699779161
9.433483923290392
9.450930836894113
9.441452092939569
9.446202695698167
9.41897923708751
9.415727201701133
9.380926672551716
9.350102314351341
9.323669057283185
9.337853692275143
9.336091577281744
9.311090275076326
9.325453179076687
9.365633256382218
9.36220272128543
9.39099387166944
9.375854810453756
9.370757093382087
9.415727201701133
9.351839934249883
9.323669057283185
9.294681520409934
9.302007560502007
9.33078652505205
9.332558004700433
9.332558004700433
9.336091577281744
9.370757093382087
9.355306142226368
9.346617990268731
9.367344120785848
9.38429367909962
9.370757093382087
9.358760377094455
9.358760377094455
9.357034751126987
9.33078652505205
9.323669057283185
9.311090275076326
9.318297513481275
9.323669057283185
9.287301413112312
9.268609280100158
9.251482315307358
9.241839039035554
9.222268942841456
9.24377514806242
9.262932822095353
9.237955539009157
9.25339986143663
9.292841593487926
9.279866434624793
9.290998274993637
9.281730368062856
9.292841593487926
9.292841593487926
9.259130536145614
9.259130536145614
9.24377514806242
9.320091235935301
9.320091235935301
9.323669057283185
9.33078652505205
9.336091577281744
9.311090275076326
9.294681520409934
9.285447844462988
9.274253697719836
9.264828557260252
9.264828557260252
9.24377514806242
9.27049429479593
9.264828557260252
9.289151552400472
9.251482315307358
9.257223957875032
9.323669057283185
9.300181075975972
9.21830854162536
9.212338374638856
9.251482315307358
9.24763615671988
9.226213721132472
9.153770020487789
8.992184362173012
9.077951183930438
9.1345386585599
9.159047077588632
9.281730368062856
9.262932822095353
9.241839039035554
9.237955539009157
9.239899174217728
9.193194213141211
9.189116735524555
9.157993891603974
9.149528232579426
9.170559501964338
9.156939595249067
9.133459327640225
9.106090350602384
9.071078304642676
9.077951183930438
9.04310445260027
9.091556835986216
9.082507000466299
9.108307646411031
9.154827662045925
9.179881164491475
9.181940897454485
9.162199996648248
9.11382947159534
9.084777149000837
9.060679597421776
9.052516286782616
9.135616825780247
9.147400572202308
9.171599543659752
9.174713194333032
9.128045129249353
9.152711259139547
9.120415664448196
9.125871215349733
9.144200569471638
9.189116735524555
9.181940897454485
9.119320973589014
9.126958763037132
9.126958763037132
9.118225083068378
9.11382947159534
9.10719961305667
9.10719961305667
9.148464968258095
9.161150127785412
9.206332350578643
9.257223957875032
9.226213721132472
9.19624144759668
9.189116735524555
9.193194213141211
9.189116735524555
9.125871215349733
9.144200569471638
9.159047077588632
9.135616825780247
9.101640955052842
9.12913031655064
9.08704215563169
9.187071745036828
9.207335862955883
9.188094763028863
9.155884186180124
9.190137664658664
9.245707515813473
9.251482315307358
9.296518068217235
9.262932822095353
9.249561085129464
9.23600811872476
9.249561085129464
9.237955539009157
9.21830854162536
9.191157552559408
9.165343006045447
9.170559501964338
9.143131622282732
9.179881164491475
9.143131622282732
9.165343006045447
9.163248764442333
9.163248764442333
9.131297164635729
9.160099155539436
9.188094763028863
9.21632244365373
9.210340371976184
9.239899174217728
9.21830854162536
9.259130536145614
9.279866434624793
9.264828557260252
9.255313737618915
9.276128112514186
9.287301413112312
9.289151552400472
9.290998274993637
9.305650551780507
9.32188174670909
9.316500567804573
9.341368634382587
9.365633256382218
9.336091577281744
9.337853692275143
9.341368634382587
9.377548290960089
9.380926672551716
9.382611592916636
9.365633256382218
9.318297513481275
9.358760377094455
9.397649470281177
9.363919459904483
9.350102314351341
9.367344120785848
9.360483030405902
9.387649386946594
9.379238908437996
9.377548290960089
9.407550541263888
9.436678814186912
9.379238908437996
9.367344120785848
9.350102314351341
9.369052063131004
9.379238908437996
9.36220272128543
9.332558004700433
9.334326351757174
9.339612707680322
9.329011901693681
9.325453179076687
9.323669057283185
9.309280319831087
9.314700387300425
9.316500567804573
9.341368634382587
9.351839934249883
9.329011901693681
9.305650551780507
9.296518068217235
9.283590833715776
9.277999020449997
9.32188174670909
9.320091235935301
9.320091235935301
9.316500567804573
9.309280319831087
9.314700387300425
9.339612707680322
9.350102314351341
9.332558004700433
9.370757093382087
9.367344120785848
9.365633256382218
9.357034751126987
9.332558004700433
9.350102314351341
9.332558004700433
9.327234123447681
9.350102314351341
9.350102314351341
9.358760377094455
9.372459221452617
9.385972940619341
9.389323027504624
9.379238908437996
9.397649470281177
9.395989718862811
9.394327208089198
9.447781227991216
9.472704636443673
9.480367509189243
9.472704636443673
9.464982590349763
9.425451751593128
9.447781227991216
9.49702194409438
9.508962384466297
9.503009985939002
9.532423871145296
9.535318229171661
9.529521111487334
9.514879561494386
9.522227133124781
9.5453830157878
9.546812608597396
9.542517684314515
9.566615235893575
9.580523665939708
9.568014816247999
9.581903928408666
9.592877975440642
9.568014816247999
9.569412440514636
9.560997243589352
9.55393007636626
9.536762272743895
9.549665677579801
9.59014573330377
9.565213693968287
9.588776807696428
9.599676098154463
9.602382459752207
9.625095526991439
9.658864969544794
9.648595302907339
9.651172623921639
9.638219074921247
9.634300062720511
9.64342064711732
9.679093219320265
9.660141293904399
9.648595302907339
9.638219074921247
9.646011322141414
9.656307423393677
9.656307423393677
9.669030241321645
9.671555495188839
9.634300062720511
9.640823243059636
9.674074388208323
9.692766521220475
9.68781601606062
9.6778408710038
9.711115659888671
9.70503661381229
9.684086987500752
9.674074388208323
9.675331459398373
9.69523261371567
9.698920386794853
9.670293665368417
9.611797458686809
9.60911649193355
9.577757412446818
9.574983485564092
9.622450022803015
9.61447125707121
9.625095526991439
9.640823243059636
9.648595302907339
9.610457873757753
9.617137925318126
9.618468597503831
9.595602772766828
9.583282288378786
9.60911649193355
9.619797501353885
9.605081516721372
9.574983485564092
9.572201842602215
9.579141495712756
9.572201842602215
9.587406005562649
9.592877975440642
9.563810184965966
9.577757412446818
9.580523665939708
9.58465875108751
9.595602772766828
9.574983485564092
9.566615235893575
9.592877975440642
9.586033321750676
9.615805480084347
9.627734050949622
9.622450022803015
9.627734050949622
9.605081516721372
9.61447125707121
9.60642831827175
9.563810184965966
9.574983485564092
9.598320165743328
9.611797458686809
9.627734050949622
9.631678829240638
9.64342064711732
9.644716823578767
9.652458797732383
9.66523036341187
9.6614159913364
9.65374331942474
9.651172623921639
9.655026193237628
9.635608107380527
9.646011322141414
9.64342064711732
9.656307423393677
9.660141293904399
9.667765219015058
9.663960521971394
9.662689065983198
9.679093219320265
9.691531190612483
9.70747266861017
9.73032393352694
9.696463383101802
9.70625538300642
9.676586952344206
9.691531190612483
9.676586952344206
9.713536968577682
9.731512287796317
9.732699231555847
9.70868847423106
9.721965675912738
9.740968623038354
9.711115659888671
9.731512287796317
9.698920386794853
9.680344001221918
9.690294332075087
9.660141293904399
9.651172623921639
9.644716823578767
9.651172623921639
9.64988479373721
9.615805480084347
9.613135251528469
9.630365631415676
9.622450022803015
9.632990304838447
9.615805480084347
9.623773649733524
9.65374331942474
9.648595302907339
9.629050706834368
9.646011322141414
9.638219074921247
9.618468597503831
9.596962392282867
9.607773308387083
9.642122788401721
9.64342064711732
9.630365631415676
9.648595302907339
9.662689065983198
9.662689065983198
9.660141293904399
9.652458797732383
9.652458797732383
9.639522006701663
9.635608107380527
9.6778408710038
9.676586952344206
9.685331542732957
9.68159322062235
9.691531190612483
9.70381635740706
9.70381635740706
9.70503661381229
9.702594610156739
9.697692639556532
9.702594610156739
9.735068900911164
9.749170192151771
9.764225485202621
9.763075398819383
9.751501195538246
9.756146964637418
9.748002649695733
9.717157974344635
9.71474542793925
9.735068900911164
9.746833742490752
9.738612909345894
9.713536968577682
9.71474542793925
9.743318800383307
9.73032393352694
9.717157974344635
9.721965675912738
9.723163998404846
9.711115659888671
9.711115659888671
9.739791459865339
9.715952428689286
9.721965675912738
9.697692639556532
9.672815734801127
9.684086987500752
9.669030241321645
9.666498594399865
9.696463383101802
9.692766521220475
9.660141293904399
9.670293665368417
9.646011322141414
9.623773649733524
9.626415659196363
9.603732898850078
9.615805480084347
9.644716823578767
9.652458797732383
9.64988479373721
9.639522006701663
9.651172623921639
9.671555495188839
9.663960521971394
9.6614159913364
9.642122788401721
9.646011322141414
9.676586952344206
9.68905594182394
9.6778408710038
9.70381635740706
9.701371368413994
9.70747266861017
9.717157974344635
9.700146628518098
9.686574550972555
9.70503661381229
9.686574550972555
9.675331459398373
9.670293665368417
9.647304147143718
9.636914443294582
9.638219074921247
9.638219074921247
9.648595302907339
9.640823243059636
9.648595302907339
9.675331459398373
9.682840881420505
9.675331459398373
9.709902803463462
9.70503661381229
9.682840881420505
9.674074388208323
9.6778408710038
9.701371368413994
9.690294332075087
9.694000327669404
9.702594610156739
9.715952428689286
9.725556344043467
9.713536968577682
9.692766521220475
9.692766521220475
9.698920386794853
9.68781601606062
9.685331542732957
9.68159322062235
9.682840881420505
9.671555495188839
9.65374331942474
9.636914443294582
9.656307423393677
9.657587014099303
9.657587014099303
9.652458797732383
9.666498594399865
9.660141293904399
9.667765219015058
9.658864969544794
9.644716823578767
9.646011322141414
9.636914443294582
9.64988479373721
9.623773649733524
9.618468597503831
9.627734050949622
9.630365631415676
9.655026193237628
9.66523036341187
9.64342064711732
9.623773649733524
9.636914443294582
9.642122788401721
9.629050706834368
9.625095526991439
9.625095526991439
9.646011322141414
9.655026193237628
9.631678829240638
9.622450022803015
9.60911649193355
9.644716823578767
9.651172623921639
9.651172623921639
9.655026193237628
9.646011322141414
9.671555495188839
9.642122788401721
9.626415659196363
9.619797501353885
9.610457873757753
9.607773308387083
9.615805480084347
9.621124641561947
9.617137925318126
9.603732898850078
9.60911649193355
9.635608107380527
9.651172623921639
9.64342064711732
9.632990304838447
9.619797501353885
9.634300062720511
9.60911649193355
9.611797458686809
9.602382459752207
9.602382459752207
9.632990304838447
9.64988479373721
9.652458797732383
9.647304147143718
9.667765219015058
9.638219074921247
9.652458797732383
9.690294332075087
9.694000327669404
9.674074388208323
9.679093219320265
9.702594610156739
9.738612909345894
9.72913416539135
9.742144402127366
9.735068900911164
9.725556344043467
9.724360886638692
9.71232704707497
9.70503661381229
9.751501195538246
9.791438048727505
9.786953736280177
9.799237531162328
9.784704016546161
9.816839745810455
9.819018395909678
9.830916859701293
9.82984101236783
9.815748638228122
9.810275170813949
9.82660650820017
9.833065088239582
9.837347750031583
9.840547752762253
9.837347750031583
9.825526011066415
9.822277497110585
9.839482222560216
9.846917201047734
9.85114107216392
9.86058005152485
9.86058005152485
9.843737548130354
9.830916859701293
9.821192309809298
9.816839745810455
9.81246815414896
9.830916859701293
9.822277497110585
9.834137474401334
9.85114107216392
9.871996885444757
9.900483043515829
9.885323581908457
9.874058741845316
9.874058741845316
9.878169744551839
9.901485549865455
9.897469480210566
9.913437883389296
9.884304733119354
9.886341393701157
9.87508807801443
9.863706682524283
9.862665558015873
9.837347750031583
9.814656338829513
9.855347177208193
9.86058005152485
9.846917201047734
9.856395945002278
9.862665558015873
9.850086775809013
9.839482222560216
9.830916859701293
9.82984101236783
9.82660650820017
9.823361508056843
9.817929664174482
9.823361508056843
9.846917201047734
9.80477157959697
9.79701530802561
9.786953736280177
9.759617182116425
9.754987544217684
9.798127036878302
9.752664662801545
9.782449224159071
9.786953736280177
9.788076701024801
9.786953736280177
9.769956159911606
9.767667829393593
9.775654181026242
9.809176873064887
9.815748638228122
9.815748638228122
9.82660650820017
9.833065088239582
9.84161214881804
9.846917201047734
9.846917201047734
9.823361508056843
9.80807736773147
9.795902341856191
9.791438048727505
9.777924329560783
9.799237531162328
9.798127036878302
9.784704016546161
9.760771250334534
9.769956159911606
9.815748638228122
9.828764006340192
9.802561633946167
9.785829509067895
9.794788135612787
9.824444345195674
9.798127036878302
9.79031885443049
9.833065088239582
9.839482222560216
9.814656338829513
9.79701530802561
9.788076701024801
9.789198406134
9.78131991856192
9.815748638228122
9.799237531162328
9.786953736280177
9.79031885443049
9.775654181026242
9.777924329560783
9.767667829393593
9.75846178048587
9.748002649695733
9.774517171239168
9.788076701024801
9.780189336191635
9.800346793616615
9.810275170813949
9.77905747415795
9.78131991856192
9.78357725586357
9.772239265926174
9.75846178048587
9.742144402127366
9.74449182104567
9.756146964637418
9.75846178048587
9.738612909345894
9.70381635740706
9.680344001221918
9.697692639556532
9.71232704707497
9.718362068409439
9.743318800383307
9.723163998404846
9.719564714375199
9.720765915720834
9.71232704707497
9.746833742490752
9.773378867189107
9.79701530802561
9.795902341856191
9.775654181026242
9.78131991856192
9.75846178048587
9.740968623038354
9.732699231555847
9.718362068409439
9.719564714375199
9.696463383101802
9.70747266861017
9.742144402127366
9.731512287796317
9.740968623038354
9.737432968206045
9.740968623038354
9.735068900911164
9.725556344043467
9.733884768149949
9.764225485202621
9.743318800383307
9.720765915720834
9.70625538300642
9.666498594399865
9.629050706834368
9.580523665939708
9.574983485564092
9.558176367247711
9.556762939450564
9.615805480084347
9.618468597503831
9.559587800086119
9.517825071724143
9.53387209732166
9.579141495712756
9.558176367247711
9.581903928408666
9.583282288378786
9.592877975440642
9.605081516721372
9.607773308387083
9.64342064711732
9.640823243059636
9.59014573330377
9.58465875108751
9.646011322141414
9.6778408710038
9.655026193237628
9.619797501353885
9.64342064711732
9.6778408710038
9.690294332075087
9.694000327669404
9.696463383101802
9.667765219015058
9.626415659196363
9.648595302907339
9.685331542732957
9.68905594182394
9.725556344043467
9.72913416539135
9.71474542793925
9.731512287796317
9.746833742490752
9.752664662801545
9.768812649209526
9.77678989949017
9.795902341856191
9.786953736280177
9.782449224159071
9.786953736280177
9.77905747415795
9.782449224159071
9.805874723669127
9.816839745810455
9.842675413139371
9.846917201047734
9.835208711782833
9.824444345195674
9.846917201047734
9.870964360830568
9.893437216682626
9.874058741845316
9.869930769007285
9.908475094047168
9.896462937599164
9.87302834505142
9.88837391472608
9.836278802842678
9.886341393701157
9.899479531138589
9.899479531138589
9.878169744551839
9.883284845218608
9.865785685352117
9.852194258148577
9.865785685352117
9.836278802842678
9.844798556187449
9.84903136674007
9.881241943588808
9.908475094047168
9.907479573805665
9.974877548622802
9.95227771670556
9.967400878279781
9.946547041996576
9.957975737820197
9.96552294345558
9.955130785687967
9.984145455553582
9.95227771670556
9.94270826568941
9.918376165029878
9.947504437952903
9.910463166272553
9.915416123401402
9.958922259424229
9.954180666851647
9.969275293074132
9.967400878279781
9.973946016184689
9.962699412167973
9.959867885972235
9.980448593672257
10.003332887505843
9.980448593672257
9.957028319464158
9.94270826568941
9.919360901692418
9.929155299284705
9.924270091718656
9.931102719569102
9.94846091817886
9.933046354777673
9.938854696373419
9.933046354777673
9.973013615184739
10.003332887505843
10.01144469404122
10.010546624829535
10.021270588192511
10.01234195744821
10.005141206262628
9.979522238812125
9.980448593672257
9.967400878279781
9.974877548622802
9.99241376173053
9.991498429858842
9.984145455553582
9.963641475355875
9.983222520554982
9.980448593672257
10.030120203469494
10.030120203469494
10.065606402012563
10.06475570013225
10.069001991013701
10.083305979111964
10.0519075576544
10.069001991013701
10.061345637151708
10.073230327123223
10.090796650841122
10.070695471520034
10.063904273942033
10.069001991013701
10.06219924369095
10.069001991013701
10.110501721920453
10.094107912144779
10.103157747664696
10.126631103850338
10.126631103850338
10.116984726798533
10.134599273499514
10.14013945387513
10.120210536047415
10.133010710814377
10.135392609518911
10.146433731146518
10.174277757317691
10.167389096322506
10.150347630467653
10.146433731146518
10.165082290224591
10.19241884438834
10.181119289134408
10.188666494769791
10.190169124654325
10.178843975297273
10.174277757317691
10.144863872111397
10.140928408551162
10.133805307598339
10.125830783679568
10.160452652325848
10.171221987178212
10.151908911034607
10.149566075132833
10.152688638169627
10.169690593310785
10.196157166498947
10.221213746336286
10.232791299678729
10.247077256926206
10.240673819890999
10.210972252284089
10.197648591085619
10.196903156835669
10.189418091949102
10.186408307886198
10.168156850678836
10.176563472598547
10.174277757317691
10.110501721920453
10.104794409241164
10.057066640464429
10.093281124168783
10.118598932153073
10.103157747664696
10.106428396532818
10.106428396532818
10.116984726798533
10.107244390050148
10.094934017107084
10.112937776718335
10.082470208064567
10.08830598952867
10.138559674715612
10.124228219234027
10.140928408551162
10.130623125119875
10.143291544743445
10.135392609518911
10.099876366541519
10.121015365064702
10.121819546853116
10.128229825214035
10.108059718264903
10.070695471520034
10.027473532317119
10.033638237001172
10.057923905840546
10.058780436942163
10.086642095633975
10.063904273942033
10.06475570013225
10.07828084290929
10.073230327123223
10.052769255251883
10.022159082253626
10.023046787593767
10.015028927269036
9.990582259387061
10.033638237001172
10.044987114809828
10.058780436942163
10.046721720622037
10.081633737919603
10.07828084290929
10.053630210965848
10.060491301345794
10.050181931686932
10.06219924369095
10.112937776718335
10.146433731146518
10.172751039463892
10.165851817003619
10.136977395904482
10.121015365064702
10.164312170818027
10.161225748614838
10.181119289134408
10.196157166498947
10.202109565026243
10.184900011974314
10.19988156558993
10.19988156558993
10.16199824768763
10.152688638169627
10.151908911034607
10.137768848260794
10.155801481150117
10.146433731146518
10.069001991013701
10.081633737919603
10.110501721920453
10.09823162932864
10.112937776718335
10.100697721823833
10.100697721823833
10.076600170244772
10.082470208064567
10.126631103850338
10.126631103850338
10.131419620582134
10.161225748614838
10.166620752066496
10.193167627650581
10.177324218165856
10.177324218165856
10.176563472598547
10.155801481150117
10.167389096322506
10.186408307886198
10.186408307886198
10.184900011974314
10.194663514242166
10.200624783758665
10.21756809884244
10.216106110277941
10.218298292376161
10.220485679321962
10.219757081839822
10.184900011974314
10.16892401604059
10.16277015046621
10.165851817003619
10.188666494769791
10.193167627650581
10.193915850655934
10.167389096322506
10.177324218165856
10.175802147856787
10.165851817003619
10.182633293965623
10.155801481150117
10.165082290224591
10.164312170818027
10.173514689749188
10.163541457870435
10.186408307886198
10.196903156835669
10.202851129761747
10.212441760263449
10.203592144986466
10.196903156835669
10.19988156558993
10.202851129761747
10.207289006867793
10.189418091949102
10.171221987178212
10.190169124654325
10.213909111957399
10.228465409731605
10.252029513244672
10.266045159633016
10.242812858139747
10.251323547807656
10.249202656238518
10.24991012001051
10.244236345924602
10.261161996807944
10.261161996807944
10.278493453159584
10.277805931647455
10.295529640312152
10.30293458831873
10.292823278714408
10.302263672493496
10.330714152425806
10.31890299149746
10.310950663306965
10.31890299149746
10.310950663306965
10.269518591398885
10.291467346303273
10.288749953326773
10.306282432088414
10.323512811975622
10.358377543971816
10.337216125917152
10.325481962595504
10.322197887394314
10.308952660644293
10.308952660644293
10.328755287940472
10.330714152425806
10.343031974297155
10.31692083029347
10.303605054317698
10.288069449727868
10.295529640312152
10.277805931647455
10.295529640312152
10.29078869001662
10.277117937124274
10.252029513244672
10.219757081839822
10.246367785452671
10.268130666124037
10.273670846499652
10.268824869553512
10.266045159633016
10.264652401747712
10.259061891030827
10.254144424149297
10.283292913863715
10.287388482728453
10.300248220014145
10.302263672493496
10.307618437631156
10.302263672493496
10.303605054317698
10.338511462885837
10.341742483467284
10.328755287940472
10.328755287940472
10.326792578772624
10.326792578772624
10.337864004138712
10.33462040739287
10.341742483467284
10.348173373797573
10.322197887394314
10.308285771656589
10.314271822121892
10.304944639246754
10.326792578772624
10.322197887394314
10.295529640312152
10.271596874100524
10.292145542327912
10.281923988256374
10.279867079749195
10.278493453159584
10.305613759378778
10.31493473232184
10.311615778063777
10.31559720336296
10.326792578772624
10.31692083029347
10.325481962595504
10.322855565813283
10.31294468191383
10.312280450736967
10.322197887394314
10.327447243280456
10.322855565813283
10.335269968961667
10.320222252902523
10.324169626449153
10.327447243280456
10.320881231509567
10.297554615691922
10.292145542327912
10.310950663306965
10.297554615691922
10.299575498831695
10.304944639246754
10.299575498831695
10.29620508782179
10.322197887394314
10.327447243280456
10.332017933575289
10.318242707551384
10.304275071093182
10.300920488947028
10.31890299149746
10.292823278714408
10.293500556085371
10.308952660644293
10.308952660644293
10.314271822121892
10.30695065797362
10.303605054317698
10.31493473232184
10.298228697281317
10.299575498831695
10.301592306238
10.298228697281317
10.31692083029347
10.337864004138712
10.333970423619581
10.330061623854528
10.335269968961667
10.322855565813283
10.259061891030827
10.257659366256743
10.232071616308335
10.22918769217543
10.20876393338886
10.21756809884244
10.215374313684727
10.230630693868823
10.21756809884244
10.187914332267237
10.184900011974314
10.175802147856787
10.163541457870435
10.135392609518911
10.195410619245164
10.197648591085619
10.185654444299798
10.19241884438834
10.166620752066496
10.178843975297273
10.14013945387513
10.107244390050148
10.11617664594648
10.125029822483365
10.175040243058024
10.175040243058024
10.175802147856787
10.164312170818027
10.181119289134408
10.159678957896539
10.144863872111397
10.144863872111397
10.171221987178212
10.177324218165856
10.177324218165856
10.168156850678836
10.152688638169627
10.158129770909708
10.150347630467653
10.150347630467653
10.155024178351555
10.145649109686099
10.129825994746858
10.103976413285531
10.099876366541519
10.110501721920453
10.112126417647456
10.158129770909708
10.165851817003619
10.16199824768763
10.155024178351555
10.141716741268379
10.131419620582134
10.130623125119875
10.16199824768763
10.165851817003619
10.16892401604059
10.172751039463892
10.199137794637085
10.216837371736487
10.20433261151419
10.193915850655934
10.196157166498947
10.21464198117305
10.21756809884244
10.220485679321962
10.237098556876308
10.241387341148526
10.247077256926206
10.244236345924602
10.257659366256743
10.22990945330384
10.210972252284089
10.220485679321962
10.213909111957399
10.219757081839822
10.215374313684727
10.216106110277941
10.227019277881606
10.252734980646064
10.252734980646064
10.26534902316216
10.261161996807944
10.261161996807944
10.270211832327862
10.266740811834984
10.279867079749195
10.275051108968611
10.283976674574115
10.290109572842812
10.284659968075248
10.278493453159584
10.269518591398885
10.274361215874674
10.274361215874674
10.296880079410023
10.302263672493496
10.308952660644293
10.285342795005159
10.308952660644293
10.308285771656589
10.298902324790792
10.27574052643818
10.266045159633016
10.247077256926206
10.25976241645352
10.279180502310622
10.253439950714034
10.256957365525912
10.283292913863715
10.291467346303273
10.301592306238
10.288749953326773
10.268130666124037
10.275051108968611
10.285342795005159
10.294853736264791
10.288749953326773
10.304944639246754
10.304944639246754
10.286707051696972
10.282608685304691
10.262559621074582
10.268130666124037
10.25976241645352
10.277805931647455
10.268130666124037
10.254144424149297
10.247077256926206
10.232791299678729
10.239959789157341
10.236381967809457
10.240673819890999
10.259061891030827
10.259061891030827
10.263257701382162
10.25061708363133
10.245657810271979
10.237098556876308
10.219757081839822
10.172751039463892
10.16277015046621
10.171221987178212
10.16892401604059
10.158904664400634
10.146433731146518
10.144078017454058
10.16199824768763
10.175802147856787
10.165082290224591
10.166620752066496
10.159678957896539
10.178084385439254
10.184145010050944
10.18716160359037
10.165082290224591
10.171221987178212
10.159678957896539
10.152688638169627
10.150347630467653
10.144078017454058
10.125830783679568
10.11617664594648
10.133805307598339
10.146433731146518
10.14800112958653
10.174277757317691
10.171221987178212
10.164312170818027
10.166620752066496
10.154246270883311
10.16199824768763
10.158129770909708
10.155024178351555
10.188666494769791
10.18716160359037
10.19166950002956
10.197648591085619
10.196903156835669
10.202851129761747
10.184900011974314
10.177324218165856
10.188666494769791
10.185654444299798
10.195410619245164
10.181119289134408
10.182633293965623
10.161225748614838
10.158129770909708
10.146433731146518
10.139349876258112
10.14878390849147
10.141716741268379
10.13618531665515
10.144863872111397
10.144863872111397
10.124228219234027
10.154246270883311
10.1909195937327
10.19241884438834
10.198393470077228
10.195410619245164
10.20876393338886
10.232791299678729
10.225571051705241
10.237814632810952
10.23566486487446
10.219027953116305
10.225571051705241
10.21464198117305
10.218298292376161
10.218298292376161
10.225571051705241
10.218298292376161
10.224120725127595
10.225571051705241
10.221941283654663
10.232071616308335
10.24494733066838
10.239245248219472
10.231351414620741
10.210972252284089
10.198393470077228
10.200624783758665
10.199137794637085
10.203592144986466
10.19241884438834
10.231351414620741
10.239959789157341
10.25061708363133
10.247077256926206
10.25976241645352
10.273670846499652
10.27574052643818
10.268824869553512
10.258360874528233
10.25976241645352
10.255551883917176
10.24494733066838
10.263257701382162
10.281923988256374
10.270211832327862
10.278493453159584
10.288749953326773
10.279867079749195
10.246367785452671
10.26534902316216
10.255551883917176
10.249202656238518
10.216106110277941
10.221213746336286
10.221213746336286
10.209500581672632
10.183389437668946
10.166620752066496
10.182633293965623
10.19988156558993
10.181119289134408
10.184900011974314
10.174277757317691
10.182633293965623
10.173514689749188
10.188666494769791
10.179602988616443
10.170456583390367
10.159678957896539
10.16199824768763
10.171986805571136
10.170456583390367
10.153467757803897
10.155024178351555
10.181119289134408
10.181876578076317
10.188666494769791
10.198393470077228
10.205811901724779
10.202109565026243
10.194663514242166
10.207289006867793
10.207289006867793
10.209500581672632
10.22990945330384
10.236381967809457
10.198393470077228
10.159678957896539
10.178843975297273
10.178084385439254
10.165851817003619
10.158129770909708
10.126631103850338
10.142504453006628
10.139349876258112
10.137768848260794
10.135392609518911
10.126631103850338
10.129825994746858
10.135392609518911
10.114558522616068
10.124228219234027
10.108874382261078
10.103976413285531
10.110501721920453
10.120210536047415
10.113748478019325
10.107244390050148
10.080796567506539
10.076600170244772
10.094107912144779
10.086642095633975
10.079120121179287
10.086642095633975
10.085809109330082
10.090796650841122
10.107244390050148
10.094107912144779
10.094107912144779
10.075758773476581
10.052769255251883
10.043249494911286
10.048453322786314
10.073230327123223
10.081633737919603
10.072386088997941
10.048453322786314
10.035392623416067
10.044118682275874
10.053630210965848
10.025705185260378
10.003332887505843
10.00604414086122
10.023046787593767
10.021270588192511
10.01234195744821
9.988747396486952
10.004237455636272
9.983222520554982
10.00242750039103
9.993328256535918
10.009647748364518
9.994241915804592
9.990582259387061
10.025705185260378
10.069849089751353
10.121819546853116
10.114558522616068
10.099876366541519
10.087474388649143
10.089136899422757
10.090796650841122
10.140928408551162
10.111314399738445
10.110501721920453
10.085809109330082
10.080796567506539
10.089967119478747
10.102338411281293
10.100697721823833
10.094107912144779
10.104794409241164
10.102338411281293
10.077440859659566
10.086642095633975
10.137768848260794
10.155801481150117
10.16199824768763
10.16199824768763
10.164312170818027
10.165851817003619
10.167389096322506
10.180361426271306
10.202851129761747
10.178843975297273
10.169690593310785
10.155024178351555
10.144863872111397
10.149566075132833
10.139349876258112
10.139349876258112
10.18716160359037
10.19988156558993
10.195410619245164
10.198393470077228
10.205072530156901
10.187914332267237
10.186408307886198
10.188666494769791
10.1909195937327
10.16199824768763
10.171221987178212
10.176563472598547
10.176563472598547
10.178084385439254
10.195410619245164
10.19988156558993
10.19166950002956
10.178084385439254
10.198393470077228
10.219757081839822
10.236381967809457
10.224120725127595
10.22990945330384
10.232071616308335
10.239959789157341
10.224120725127595
10.210972252284089
10.21464198117305
10.216837371736487
10.215374313684727
10.210236687705134
10.209500581672632
10.219757081839822
10.236381967809457
10.224120725127595
10.207289006867793
10.199137794637085
10.211707276205457
10.221213746336286
10.223394772282646
10.216106110277941
10.216106110277941
10.224846151347293
10.221941283654663
10.20876393338886
10.256254871643844
10.252734980646064
10.266045159633016
10.255551883917176
10.269518591398885
10.254144424149297
10.254848401651092
10.291467346303273
10.272980000185475
10.279867079749195
10.288749953326773
10.30695065797362
10.310950663306965
10.288749953326773
10.284659968075248
10.286707051696972
10.292823278714408
10.298902324790792
10.254848401651092
10.254848401651092
10.25976241645352
10.268824869553512
10.256254871643844
10.263955294713556
10.263955294713556
10.288749953326773
10.283292913863715
10.294853736264791
10.297554615691922
10.302263672493496
10.294853736264791
10.291467346303273
10.272288676272701
10.293500556085371
10.275051108968611
10.261161996807944
10.270904593006762
10.282608685304691
10.27574052643818
10.247077256926206
10.236381967809457
10.215374313684727
10.22918769217543
10.247077256926206
10.239959789157341
10.212441760263449
10.218298292376161
10.194663514242166
10.193167627650581
10.189418091949102
10.1909195937327
10.196157166498947
10.185654444299798
10.181119289134408
10.194663514242166
10.215374313684727
10.205072530156901
10.203592144986466
10.212441760263449
10.176563472598547
10.172751039463892
10.171221987178212
10.158904664400634
10.168156850678836
10.144863872111397
10.193915850655934
10.196903156835669
10.176563472598547
10.151908911034607
10.13618531665515
10.132215482144238
10.14800112958653
10.142504453006628
10.130623125119875
10.129825994746858
10.138559674715612
10.139349876258112
10.151128575450725
10.181876578076317
10.167389096322506
10.141716741268379
10.14878390849147
10.151128575450725
10.140928408551162
10.16199824768763
10.165082290224591
10.140928408551162
10.110501721920453
10.118598932153073
10.117792155183134
10.138559674715612
10.133805307598339
10.139349876258112
10.106428396532818
10.114558522616068
10.151908911034607
10.169690593310785
10.146433731146518
10.136977395904482
10.129028228450059
10.113748478019325
10.109688383120027
10.110501721920453
10.110501721920453
10.136977395904482
10.09823162932864
10.073230327123223
10.06475570013225
10.070695471520034
10.051045116893743
10.01234195744821
10.031000872835088
10.035392623416067
10.049318000747668
10.046721720622037
10.034515814942532
10.034515814942532
10.00242750039103
10.026589749670112
10.046721720622037
10.033638237001172
9.999706410276671
9.979522238812125
9.979522238812125
9.968338524855744
9.968338524855744
9.9813740911932
9.988747396486952
9.98506753952855
9.98966524877718
10.018600359636633
10.024819837703653
10.009647748364518
10.026589749670112
10.040637390683361
10.029238757841688
10.01234195744821
10.020381304007627
10.019491228292434
10.044987114809828
10.049318000747668
10.077440859659566
10.043249494911286
10.03889218954233
10.026589749670112
10.022159082253626
10.009647748364518
10.029238757841688
10.029238757841688
10.015922981865916
10.01234195744821
10.044118682275874
10.127430784020902
10.142504453006628
10.134599273499514
10.128229825214035
10.129825994746858
10.141716741268379
10.138559674715612
10.131419620582134
10.139349876258112
10.142504453006628
10.150347630467653
10.157354276493178
10.159678957896539
10.164312170818027
10.171986805571136
10.184900011974314
10.219757081839822
10.227742605218749
10.205072530156901
10.188666494769791
10.197648591085619
10.194663514242166
10.199137794637085
10.181876578076317
10.1909195937327
10.178843975297273
10.165851817003619
10.136977395904482
10.142504453006628
10.151128575450725
10.157354276493178
10.154246270883311
10.151908911034607
10.165082290224591
10.165082290224591
10.19241884438834
10.186408307886198
10.153467757803897
10.181876578076317
10.165851817003619
10.158129770909708
10.141716741268379
10.13618531665515
10.13618531665515
10.136977395904482
10.152688638169627
10.153467757803897
10.135392609518911
10.14800112958653
10.165082290224591
10.158129770909708
10.14878390849147
10.150347630467653
10.159678957896539
10.16199824768763
10.154246270883311
10.139349876258112
10.129825994746858
10.134599273499514
10.089967119478747
10.092453652048752
10.06475570013225
10.054490426072656
10.061345637151708
10.044987114809828
10.039765170828677
10.041508850433503
10.032759888240268
10.027473532317119
10.022159082253626
10.061345637151708
10.032759888240268
10.026589749670112
10.058780436942163
10.053630210965848
10.031880767304527
10.06475570013225
10.03889218954233
10.043249494911286
10.054490426072656
10.048453322786314
10.039765170828677
10.048453322786314
10.055349901845375
10.025705185260378
10.025705185260378
10.046721720622037
10.058780436942163
10.073230327123223
10.07491666816366
10.077440859659566
10.06475570013225
10.069849089751353
10.06219924369095
10.068154174091362
10.06219924369095
10.067305637765523
10.083305979111964
10.102338411281293
10.09823162932864
10.104794409241164
10.079120121179287
10.080796567506539
10.106428396532818
10.125830783679568
10.130623125119875
10.129028228450059
10.131419620582134
10.136977395904482
10.144863872111397
10.14013945387513
10.141716741268379
10.149566075132833
10.151908911034607
10.15657818021829
10.161225748614838
10.158129770909708
10.171986805571136
10.175040243058024
10.149566075132833
10.169690593310785
10.134599273499514
10.154246270883311
10.141716741268379
10.123425972901389
10.139349876258112
10.146433731146518
10.165851817003619
10.165851817003619
10.165082290224591
10.15657818021829
10.165082290224591
10.161225748614838
10.150347630467653
10.151128575450725
10.16277015046621
10.165851817003619
10.138559674715612
10.1226230824528
10.126631103850338
10.135392609518911
10.158129770909708
10.165082290224591
10.16277015046621
10.159678957896539
10.151128575450725
10.129028228450059
10.125029822483365
10.137768848260794
10.140928408551162
10.142504453006628
10.141716741268379
10.155024178351555
10.143291544743445
10.16199824768763
10.16277015046621
10.151908911034607
10.150347630467653
10.159678957896539
10.1909195937327
10.21464198117305
10.223394772282646
10.238530196347746
10.244236345924602
10.261161996807944
10.244236345924602
10.219027953116305
10.225571051705241
10.249202656238518
10.246367785452671
10.258360874528233
10.261861053110442
10.273670846499652
10.271596874100524
10.261161996807944
10.239959789157341
10.238530196347746
10.239245248219472
10.237098556876308
10.257659366256743
10.286025156000587
10.286025156000587
10.288069449727868
10.254848401651092
10.275051108968611
10.281923988256374
10.301592306238
10.284659968075248
10.29620508782179
10.308952660644293
10.320881231509567
10.330714152425806
10.330714152425806
10.335269968961667
10.337216125917152
10.319562839756308
10.310285105878071
10.328755287940472
10.326792578772624
10.313608472180487
10.33462040739287
10.353288474464344
10.340451327703663
10.320222252902523
10.320222252902523
10.348814194069423
10.353926026287024
10.352650515910012
10.335919108874107
10.347532142611767
10.338511462885837
10.353288474464344
10.35201215010474
10.398183794372235
10.419300717813158
10.413312675968536
10.426439356099959
10.406079371375014
10.397573852297821
10.380963196620565
10.398183794372235
10.401227936753463
10.38591370178042
10.3653329940804
10.371614421769003
10.377234168060697
10.400011391591258
10.386530795289667
10.397573852297821
10.357742824813725
10.285342795005159
10.326792578772624
10.346890499984685
10.364071959865372
10.368478639958319
10.384678371172429
10.355199911809612
10.353288474464344
10.353926026287024
10.352650515910012
10.373491181781864
10.37224039988021
10.382203122383885
10.385296227231626
10.428807622452572
10.437639001605616
10.422281345951296
10.338511462885837
10.332017933575289
10.346248445387989
10.359011860517029
10.367221568768269
10.366592440090708
10.388995368317829
10.38591370178042
10.366592440090708
10.378478723292902
10.371614421769003
10.352650515910012
10.356472176612268
10.382203122383885
10.397573852297821
10.405474227634915
10.400011391591258
10.383441512635033
10.390225380773028
10.398183794372235
10.400619849170116
10.370988051563746
10.40365659611359
10.37224039988021
10.343676096702678
10.33462040739287
10.346890499984685
10.353288474464344
10.364702675748784
10.36910658346404
10.398183794372235
10.40365659611359
10.404262840448617
10.404262840448617
10.4204940353772
10.4204940353772
10.460815009953539
10.462531748572593
10.449873351700669
10.444648376098192
10.461959829769471
10.475596404719017
10.485703172388792
10.480100916840122
10.464245545050328
10.472204654717896
10.478414101708642
10.46823301829155
10.487377747159124
10.48849257447637
10.497918760156915
10.494048144320972
10.496261758949286
10.481223881584746
10.490162488585556
10.490718507504525
10.48458522928745
10.492384711722273
10.494048144320972
10.504519444188269
10.495708814506113
10.47897668962784
10.496814397813862
10.524601530196241
10.525138731391003
10.55268284556689
10.566175525611365
10.53102897599808
10.509441521393695
10.51759152575562
10.517050253753231
10.531562736352358
10.524064040261237
10.546919140850141
10.549543125562224
10.581521095286025
10.594131602877955
10.583042779576607
10.574389124148754
10.58050535116619
10.583042779576607
10.58557378573665
10.566690856723001
10.555812738575819
10.555812738575819
10.554770528997375
10.544288252723865
10.534227272967456
10.537945736747394
10.54586761604242
10.541650424763313
10.562560752762321
10.56977727892619
10.578979797857352
10.575921691498532
10.551114217794265
10.546919140850141
10.556853863084228
10.58961011815911
10.587089320252542
10.598632735758747
10.601622274607113
10.601622274607113
10.601622274607113
10.601124638368926
10.611523345589823
10.630069509182311
10.631036159813405
10.641608098738805
10.654903641220049
10.643041105910228
10.658670124015526
10.656317735257247
10.640651618512848
10.63344870621879
10.626193535337618
10.632966662343463
10.640173035110557
10.644948593374624
10.626193535337618
10.632001876933364
10.647327847411592
10.64875268735818
10.641608098738805
10.635855446249355
10.643995304455911
10.635855446249355
10.643041105910228
10.655375228118674
10.645900974398991
10.634893445213164
10.63344870621879
10.618885342030893
10.603610346832498
10.615456487336662
10.627163938130897
10.661954199216716
10.664293381569887
10.688301921621898
10.705937467986523
10.712193073730345
10.725907068800213
10.75832832209406
10.727662995502477
10.725467604939041
10.732475956007487
10.73856822898474
10.744623610809523
10.743760797986367
10.73509147624309
10.708176107828981
10.71663752549077
10.71263840885238
10.711747540196578
10.729415844329893
10.738134295369774
10.728101495838379
10.706385597055192
10.707728780601661
10.707281253183137
10.735526731962691
10.73509147624309
10.721062311471126
10.717967018263598
10.73856822898474
10.722826758333833
10.72326738402944
10.722385938401633
10.729415844329893
10.727224302799675
10.74849708240532
10.781868711337063
10.768063848723605
10.77812260914145
10.771008120040854
10.784772675211467
10.785186839640664
10.772686676876432
10.777705507988376
10.769326740914185
10.762572810639504
10.757902880692196
10.770167783856948
10.78020550929046
10.776035361462364
10.792612616337514
10.799575577092764
10.817375399793972
10.83091602882074
10.829332497215095
10.832497056818058
10.83643872530339
10.834469833153273
10.843494811027599
10.841148310146476
10.83683203897611
10.819778284410283
10.816573153461334
10.815770263012745
10.773943748066484
10.783114300038692
10.791378809888585
10.799575577092764
10.7743624208798
10.772686676876432
10.770167783856948
10.773105876211853
10.742465181307614
10.734220396048636
10.705937467986523
10.714417768752456
10.74073507706983
10.758753582572508
10.75577295443437
10.754492817711654
10.757902880692196
10.768063848723605
10.768905954036526
10.75832832209406
10.73856822898474
10.738134295369774
10.74073507706983
10.743329112246878
10.746777391525793
10.73726586283582
10.752783415586006
10.757902880692196
10.781453170088616
10.801206898824848
10.815770263012745
10.811746112713019
10.812149257245792
10.82576035608783
10.82774645405946
10.86818742361797
10.861304031238781
10.86322084225312
10.874266469694353
10.88967741178995
10.88967741178995
10.852826138456484
10.844665999918062
10.845056091594552
10.874266469694353
10.908521494244672
10.911445472936107
10.896739325546411
10.895256745586188
10.911445472936107
10.910715279402385
10.877669762826061
10.89377196431861
10.902279505922026
10.897479792074135
10.89488575689709
10.866661870309134
10.879555488446144
10.897479792074135
10.916541952842591
10.954658766604101
10.95185862476749
10.939869764668103
10.939869764668103
10.934891091510787
10.94658713127398
10.939160041430364
10.940224437486151
10.939869764668103
10.931677376907691
10.921251253340916
-inf
10.929887507090314
10.918718232265187
10.920166458441551
10.932392428779417
-inf
10.923417319169769
10.8712315659992
10.88331630521427
10.870471398725801
10.835651633566574
10.83643872530339
10.84622545442513
10.844665999918062
10.82017820443161
10.834469833153273
10.858998997563564
10.854759253305529
10.860920227741458
10.845835818729572
10.840756690795475
10.832102034099115
10.843494811027599
10.850501457053124
10.80242864607517
10.81376021208472
10.783114300038692
10.80689565857927
10.838796290246044
-inf
10.851664473272605
10.841148310146476
10.861304031238781
10.859383539002643
10.82774645405946
10.796304928224641
10.783943831401068
10.783114300038692
10.790143479280593
10.819778284410283
10.812149257245792
10.81777628173961
10.80608495727828
10.783943831401068
10.802835563679972
10.806490390083347
10.824964811097583
10.83525785525867
10.843885359753516
10.815770263012745
10.81777628173961
10.816171788816172
10.772686676876432
10.777288232789331
10.766799359619396
10.732039370102276
10.736396675471232
10.707728780601661
10.730291117908747
10.769326740914185
10.799575577092764
10.786841784164018
10.766377507683169
10.76384265207998
10.752783415586006
10.762572810639504
10.765955477712776
10.765955477712776
10.759178662281354
10.736831363589356
10.718852365820323
10.75832832209406
10.791790247870114
10.803648902480399
10.814564717357396
10.814564717357396
10.852439066649831
10.854372929174783
10.850113484206355
10.842322248845178
10.834469833153273
10.843494811027599
10.840756690795475
10.854759253305529
10.814162545624647
10.825362662704183
10.819378204388943
10.793434309070681
10.800391570610094
10.804055323945047
10.790143479280593
10.781453170088616
10.756199302767412
10.794255327179197
10.787255092704724
10.803648902480399
10.797123593845477
10.79671434481173
10.799575577092764
10.815770263012745
10.826555268689306
10.819378204388943
10.846614938363842
10.873887610057315
10.851664473272605
10.85707406915398
10.828936222195049
10.82774645405946
10.861687687487493
10.87804719253426
10.87804719253426
10.87804719253426
10.87804719253426
10.85707406915398
10.870471398725801
10.837618202538614
10.851276951469654
10.845446031158861
10.821776287072955
10.803648902480399
10.816773775389985
10.807705703176014
10.809727948556782
10.819778284410283
10.855145428247575
10.847393451443256
10.872370734529454
10.864751650053014
10.845446031158861
10.809727948556782
10.833681189579275
10.845446031158861
10.841539776191796
10.845446031158861
10.831706855275558
10.812753669473318
10.81777628173961
10.807705703176014
10.783114300038692
10.771637909082347
10.749355820113736
10.757902880692196
10.757902880692196
10.758966145013526
10.763207932921889
10.75042820627549
10.757902880692196
10.777914080311584
10.753638481905739
10.75042820627549
10.726565902688105
10.739652239930999
10.741816742940571
10.735309127783832
10.712193073730345
10.727662995502477
10.742897240074326
10.736396675471232
10.725467604939041
10.747207591575448
10.737483041683452
10.733130477684611
10.748282282705214
10.75577295443437
10.767431804038074
10.747207591575448
10.739652239930999
10.739652239930999
10.75577295443437
10.75577295443437
10.747207591575448
10.741816742940571
10.748282282705214
10.726565902688105
10.730947070703667
10.732039370102276
10.75149944365699
10.753638481905739
10.75577295443437
10.72326738402944
10.715528263036484
10.717745558845131
10.697610650436076
10.694215061434937
10.688529997800329
10.709963418403076
10.73856822898474
10.74073507706983
10.739652239930999
10.742897240074326
10.748282282705214
10.753638481905739
10.771637909082347
10.788287617318913
10.767431804038074
10.771637909082347
10.749355820113736
10.73856822898474
10.712193073730345
10.725467604939041
10.715528263036484
10.704367432898955
10.693080631364326
10.733130477684611
10.717745558845131
10.725467604939041
10.739652239930999
10.763207932921889
10.766377507683169
10.768484990022733
10.746131744241984
10.743976570994
10.729853576882297
10.707728780601661
10.707728780601661
10.713306039899766
10.721062311471126
10.671278276091838
10.691944912900398
10.687389096364537
10.682812429337126
10.695348206032106
10.693080631364326
10.689669599063263
10.68166498228065
10.670117509855876
10.65843513400152
10.621327345686446
10.621327345686446
10.631036159813405
10.653723700080201
10.654903641220049
10.648989963430001
10.695348206032106
10.687389096364537
10.68624689178576
10.691944912900398
10.693080631364326
10.698739956033227
10.718852365820323
10.703244468154331
10.694215061434937
-inf
10.691944912900398
10.683958561267747
10.664293381569887
10.647803019670473
10.656082191739493
10.654903641220049
10.659609532257463
10.670117509855876
10.672437696511574
10.672437696511574
10.641847075917621
10.674752512360026
10.648989963430001
10.63224316056344
10.60905725309463
10.620107089281216
10.601622274607113
10.60286528284671
10.607821922486638
10.596634733096073
10.570034051298894
10.575155701418948
10.568749529606537
10.573877745973457
10.562302054015568
10.562302054015568
10.566175525611365
10.554509806795402
10.551898839254681
10.563594879017874
10.564886034781493
10.534759329377986
10.530761988945365
10.564886034781493
10.547969561114792
10.586584397242571
10.59162219127253
10.60905725309463
10.597883952496506
10.623763400484325
10.63224316056344
10.644233711895351
10.65254236503437
10.663124474364906
10.648989963430001
10.645424897265505
10.670117509855876
10.708846723703001
10.715528263036484
10.725467604939041
10.745054738214346
10.739652239930999
10.743976570994
10.74073507706983
10.709963418403076
10.714417768752456
10.737483041683452
10.74073507706983
10.768484990022733
10.737483041683452
10.74073507706983
10.735309127783832
10.75577295443437
10.75683848463641
10.761089288061603
10.765322098614224
10.752569534716834
10.752569534716834
10.71663752549077
10.711078867486941
10.697610650436076
10.691944912900398
10.702120240942051
10.687389096364537
10.683958561267747
10.706609586304646
10.688529997800329
10.688529997800329
10.696480068065789
10.685103381083682
10.689669599063263
10.693080631364326
10.733130477684611
10.748282282705214
10.725467604939041
10.719957949128073
10.722165455543283
10.711078867486941
10.706609586304646
10.715528263036484
10.730947070703667
10.749355820113736
10.75683848463641
10.754706287666568
10.75042820627549
10.75042820627549
10.75149944365699
10.741816742940571
10.754706287666568
10.758966145013526
10.763207932921889
10.758966145013526
10.727662995502477
10.721062311471126
10.722165455543283
10.718852365820323
10.708846723703001
10.706609586304646
10.711078867486941
10.739652239930999
10.733130477684611
10.734220396048636
10.721062311471126
10.711078867486941
10.697610650436076
10.656082191739493
10.666627104916108
10.660782552919825
10.660782552919825
10.65843513400152
10.634652800283595
10.626193535337618
10.645424897265505
10.672437696511574
10.680516217076775
10.688529997800329
10.661954199216716
10.660782552919825
10.65843513400152
10.640651618512848
10.65843513400152
10.657259354912508
10.687389096364537
10.679366130693538
10.689669599063263
10.696480068065789
10.709963418403076
10.711078867486941
10.705489138008156
10.68624689178576
10.691944912900398
10.689669599063263
10.699867987737726
10.722165455543283
10.725467604939041
10.729853576882297
10.725467604939041
10.727662995502477
10.729853576882297
10.747207591575448
10.757902880692196
10.749355820113736
10.741816742940571
10.72326738402944
10.736396675471232
10.728758886023115
10.700994748420316
10.71663752549077
10.726565902688105
10.74073507706983
10.742897240074326
10.746131744241984
10.754706287666568
10.737483041683452
10.73856822898474
10.753638481905739
10.762149171573647
10.764265574480024
10.745054738214346
10.762149171573647
10.761089288061603
10.73856822898474
10.748282282705214
10.722165455543283
10.718852365820323
10.713306039899766
10.690807903113322
10.680516217076775
10.673595774232203
10.660782552919825
10.672437696511574
10.685103381083682
10.668955394675699
10.685103381083682
10.689669599063263
10.682812429337126
10.702120240942051
10.703244468154331
10.693080631364326
10.690807903113322
10.682812429337126
10.693080631364326
10.695348206032106
10.678214720088496
10.691944912900398
10.687389096364537
10.674752512360026
10.694215061434937
10.729853576882297
10.742897240074326
10.75577295443437
10.757902880692196
10.761089288061603
10.760028280004509
10.75577295443437
10.772686676876432
10.802632125575313
10.803648902480399
10.805679360030782
10.809727948556782
10.797532675462964
10.803648902480399
10.787255092704724
10.80059546499351
10.79650965747093
10.770588040219511
10.778956289890028
10.773734345908876
10.797532675462964
10.790349473719472
10.802632125575313
10.819778284410283
10.821776287072955
10.833681189579275
10.829728615263452
10.81777628173961
10.82576035608783
10.843494811027599
10.843494811027599
10.833681189579275
10.837618202538614
10.845446031158861
10.841539776191796
10.82774645405946
10.82774645405946
10.843494811027599
10.864751650053014
10.872370734529454
10.883691610153935
10.876158617846391
10.860920227741458
10.851276951469654
10.870471398725801
10.868568448579715
-inf
10.891168280496956
10.887436932884098
10.887436932884098
10.858998997563564
10.839580911706463
10.851276951469654
10.855145428247575
10.855145428247575
10.86283777387073
10.845446031158861
10.82576035608783
10.82774645405946
10.81777628173961
10.808717337050858
10.809727948556782
10.82774645405946
10.843494811027599
10.849337086651827
10.85707406915398
10.883691610153935
10.909618988410072
10.909618988410072
10.945529489715843
10.938449814127782
10.933106969717286
10.933106969717286
10.924138299734526
10.915088464214607
10.922334872735375
10.941995917134532
10.929529148369403
10.918718232265187
10.924138299734526
10.924138299734526
10.929529148369403
10.947291604709243
10.978489975565104
10.993731591533722
11.002099841204238
11.002099841204238
10.985292722887856
11.01369897704759
11.023535121924303
11.041320554357519
11.025165114135234
11.039716704775545
11.015345067954259
10.981897133886719
10.98698620339419
10.95430917736789
10.940224437486151
10.95430917736789
10.983596369639677
10.993731591533722
11.020267145159687
11.008744383922906
10.997087299380693
11.00043178410354
11.010398644018933
11.01369897704759
11.031658643445782
11.02679245379461
10.998760939938723
11.005427631296913
11.002099841204238
10.988676820872097
10.947291604709243
10.966472663561087
10.941995917134532
10.93131965914319
10.900436187427738
10.915088464214607
10.922334872735375
10.957799582307658
10.96474405466047
10.941995917134532
10.941995917134532
10.907789161732996
10.860920227741458
10.860920227741458
10.8187777840767
10.797532675462964
10.764265574480024
10.727662995502477
10.667791927412402
10.72326738402944
10.657259354912508
10.75683848463641
10.792407087614151
10.774780918479548
10.785186839640664
10.7758263968811
10.773734345908876
10.732039370102276
10.753638481905739
10.757902880692196
10.793434309070681
10.811746112713019
10.791378809888585
10.801614313782611
10.804664646600235
10.785186839640664
10.799575577092764
10.799575577092764
10.847393451443256
10.821776287072955
10.804664646600235
10.816773775389985
10.816773775389985
10.806693044861628
10.816773775389985
10.821776287072955
10.819778284410283
10.789319076925574
10.803648902480399
10.795485591841238
10.795485591841238
10.787255092704724
10.776870783399007
10.790349473719472
10.778956289890028
10.7758263968811
10.795485591841238
10.82576035608783
10.819778284410283
10.8187777840767
10.794460476425993
10.79650965747093
10.804664646600235
10.81777628173961
10.82774645405946
10.833681189579275
10.843494811027599
10.847393451443256
10.905955980651335
10.907789161732996
10.924138299734526
10.913268627497622
10.924138299734526
10.922334872735375
10.902279505922026
10.864751650053014
10.81777628173961
10.860920227741458
10.86283777387073
10.864751650053014
10.876158617846391
10.858998997563564
10.847393451443256
10.876158617846391
10.85707406915398
10.883691610153935
10.866661870309134
10.874266469694353
10.870471398725801
10.876158617846391
10.889304347058893
10.915088464214607
10.885566024948286
10.87804719253426
10.874266469694353
10.872370734529454
10.885566024948286
10.893028746149875
10.909618988410072
10.893028746149875
10.904119432844034
10.900436187427738
10.920528187510426
10.909618988410072
10.898589464834572
10.900436187427738
10.925938480238674
10.978489975565104
10.985292722887856
10.985292722887856
10.966472663561087
10.947291604709243
10.95605590270283
10.949050620114422
10.968198289528557
10.959540226785442
10.96474405466047
10.97164063371953
10.985292722887856
10.98698620339419
